EMU800
1120
1287
2003
2103
2122
2124
2128
2133
2163
2173
2193
2194
2224
2234
2254
2257
2263
2267
2284
3054
3116
3117
3118
3121
3122
3127
3128
3131
3132
3138
3141
3142
3145
3147
3151
3152
3157
3161
3162
3165
3167
3168
3171
3172
3177
3180
3181
3188
3191
3192
3197
3198
3201
3202
3207
3208
3211
3212
3217
3218
3221
3222
3228
3231
3232
3238
3241
3242
3247
3248
3250
3251
3252
3258
3261
3262
3267
3268
3271
3277
3278
3282
3287
3291
3292
3297
3301
3335
3342
4013
4025
4042
4043
4046
4103
4113
4138
4172
4183
4194
4195
4221
4232
4252