EMU500
1140
1276
2004
2021
2023
2027
2101
2115
2116
2131
2138
2146
2149
2166
2190
2191
2226
2236
2246
2272
2501
2503
2504
2507
2512
2513
2514
2517
2518
2521
2523
2524
2527
2528
2531
2532
2533
2534
2538
2541
2542
2543
2544
2547
2548
2551
2554
2557
2558
2561
2562
2601
2602
2603
2604
2606
2607
2608
2610
2611
2612
2613
2614
2615
2617
2618
2619
2621
2622
2623
2624
2627
2628
2631
2632
2633
2634
3031
3032
3051
3052
3053
3057
3058
3061
3062
3063
3064
3067
3071
3072
3073
3074
3078
3081
3082
3087
3137
3140
3146
3148
3152
3178
3181
3187
3227
3229
3242
3257
3266
3271
3272
3281
3288
3303
3305
3310
3311
3320
3328
3331
3334
3338
3348
4015
4031
4038
4040
4041
4106
4107
4108
4110
4111
4112
4117
4118
4122
4123
4123
4124
4128
4129
4131
4133
4137
4142
4146
4151
4151
4162
4178
4182
4184
4187
4188
4191
4193
4197
4198
4206
4207
4208
4211
4213
4216
4222
4227
4228
4229
4230
4237
4238
4240
4241
4243
4244
4247
4253
4503
4504
4507
4508
4509
4512
4513
4514
4516
4517
4519
4521
4528
4534
4537
4540
4542
4543
4547
4548
4550
4552
4553
4556
4558