EMU600
1701
1702
1703
1704
1705
1706
1707
1708
1711
1712
1713
1714
1715
1716
1717
1718
1721
1722
1723
1724
1725
1726
1727
1728
1731
1732
1733
1734
1735
1736
1737
1738
1741
1742
1743
1744
1745
1746
1747
1748
1751
1752
1753
1754
1755
1756
1757
1758
1761
1762
1763
1764
1765
1766
1767
1768
1771
1772
1773
1774
1775
1776
1777
1778
1781
1782
1783
1784
1785
1786
3701
3702
3703
3704
3705
3706
3707
3708
3709
3711
3712
3713
3714
3715
3716
3717
3718
3721
3722
3723
3724
3725
3726
3727
3728
3731
3732
3733
3734
3735
3736
3737
3738
3741
3742
3743
3744
3745
3746
3747
3748
3751
3752
3753
3754
3755
3756
3757
3758
3761
3762
3763
3764
3765
3766
3767
3768
3771
3772
3773
3774
3775
3776
3777
3778
3781
3782
3783
3784
3786
