EMU800
1120
1126
1214
1243
1253
1287
2003
2103
2113
2122
2128
2134
2143
2154
2163
2173
2174
2203
2204
2223
2224
2234
2243
2257
2264
2267
2284
3054
3111
3116
3117
3118
3121
3122
3127
3128
3131
3132
3138
3141
3142
3145
3147
3151
3157
3158
3161
3162
3165
3167
3168
3171
3172
3177
3180
3188
3191
3192
3197
3198
3201
3202
3207
3208
3211
3212
3217
3218
3221
3222
3228
3231
3232
3237
3238
3241
3247
3248
3250
3251
3252
3258
3261
3262
3267
3268
3277
3278
3282
3287
3291
3292
3294
3297
3301
3335
3342
4138
4194
4195
4221
