EMU500
1276
2004
2021
2023
2027
2101
2115
2116
2122
2131
2146
2149
2166
2190
2191
2226
2236
2246
2267
2272
2501
2502
2503
2504
2507
2511
2512
2513
2514
2517
2518
2521
2522
2523
2524
2527
2528
2531
2532
2533
2534
2537
2538
2541
2542
2543
2544
2547
2548
2551
2552
2553
2554
2557
2558
2561
2562
2564
2601
2602
2603
2604
2606
2607
2608
2610
2611
2612
2613
2614
2615
2617
2618
2619
2621
2622
2623
2624
2627
2628
2631
2632
2633
2634
3029
3051
3052
3053
3054
3057
3058
3061
3062
3063
3064
3067
3071
3072
3073
3074
3078
3081
3082
3087
3116
3140
3145
3167
3182
3191
3218
3229
3238
3266
3281
3297
3301
3305
3310
3311
3320
3328
3331
3334
3338
3342
3348
3715
3718
3723
3726
3735
3738
3745
3748
3757
3762
3771
3774
3781
3782
4003
4032
4033
4038
4041
4042
4102
4104
4107週日(週一~六為EMU700)
4111
4112
4114
4117
4118
4122
4123週一~六(週日為EMU700)
4124
4128
4129
4131
4133
4137
4142
4146
4151
4161
4162
4177
4178
4184
4187
4188
4189
4191
4193
4198
4206
4207
4208
4211
4213
4216
4222
4227
4228
4229
4230
4237
4238
4240
4241
4243
4244
4247
4252
4253
4503
4504
4507
4508
4509
4512
4513
4514
4516
4517
4518
4519
4521
4528
4534
4537
4540
4542
4543
4547
4548
4550
4552
4553
4556
4558