EMU800
1108
1120
1126
1263
1287
2003
2103
2113
2114
2123
2124
2128
2133
2138
2144
2153
2154
2163
2173
2174
2183
2184
2193
2194
2213
2214
2223
2224
2234
2243
2244
2253
2254
2257
2263
2274
2284
2294
3031
3032
3111
3117
3118
3121
3122
3127
3128
3131
3132
3137
3138
3141
3142
3146
3147
3148
3151
3152
3157
3158
3161
3162
3168
3171
3172
3177
3178
3181
3187
3188
3192
3197
3198
3201
3202
3207
3208
3211
3212
3217
3221
3222
3227
3228
3231
3232
3235
3237
3241
3242
3247
3248
3250
3251
3252
3257
3258
3261
3262
3267
3268
3271
3272
3277
3278
3282
3287
3288
3291
3292
3294
4138
4194
4195
4221
