EMU900
1006
1007
1038
1104
1106
1107
1109
1110
1112
1117
1121
1122
1128
1129
1130
1131
1132
1134
1135
1136
1137
1141
1147
1151
1152
1157
1158
1161
1162
1168
1169
1170
1172
1177
1181
1182
1187
1188
1191
1192
1198
1202
1207
1208
1211
1212
1215
1217
1218
1221
1222
1226
1227
1228
1231
1235
1237
1238
1239
1241
1242
1247
1251
1252
1258
1261
1262
1265
1267
1268
1270
1272
1273
1278
1280
1281
1282
1283
1285
1288
1289
1295
1298
2005
2007
2008
2013
2015
2028
2033
2036
2037
2042
2046
3005
3023
3028
3033
3035
3038
3303
4006
4007
4013
4017
4021
4022
4024
4025
4026
4027
4028
4029
4030
4039
4048
4119
4135
4144
4152
4209
4215
4218
4236