EMU500
1276
2004
2019
2021
2023
2027
2032
2101
2115
2116
2131
2138
2146
2159
2166
2190
2191
2226
2236
2246
2272
2501
2503
2504
2512
2513
2514
2517
2518
2521
2523
2524
2527
2528
2531
2532
2533
2538
2542
2543
2544
2547
2548
2548
2551
2554
2557
2561
2600
2601
2602
2603
2604
2606
2607
2608
2609
2610
2611
2612
2613
2614
2615
2617
2618
2619
2621
2622
2623
2624
2627
2628
2631
2632
2633
2634
3031
3032
3051
3052
3053
3057
3058
3061
3062
3063
3064
3067
3071
3072
3073
3074
3078
3081
3082
3087
3111
3140
3158
3187
3229
3237
3266
3281
3288
3294
3303
3305
3310
3311
3316
3320
3323
3328
3331
3334
3338
3348
3455
3456
3802
3861
4015
4031
4040
4106
4107
4108
4111
4112
4117
4118
4122
4123
4127
4128
4129
4133
4137
4142
4146
4156
4162
4173
4178
4182
4184
4187
4188
4191
4193
4194
4197
4206
4207
4208
4211
4213
4216
4222
4227
4228
4229
4238
4239
4240
4241
4243
4244
4253
4503
4504
4507
4508
4509
4512
4513
4514
4516
4517
4519
4521
4528
4534
4537
4540
4542
4543
4547
4548
4550
4552
4553
4556
4558